function HealthFactor = HealthFactor_fn(driver_age_st,driver_alcohol_st,driver_alertness_st,driver_vision_st,driver_work_load_st,driver_emotion_st,driver_attitude_st,maintenance_periodicity_st,gap_st,speeding_freq_st,vehicle_mass_st,brakes_st,serv_brake_PE_st,second_brake_st,parking_brake_st,axle_st,warn_lamp_st,door_st,fog_lamp_st,headlamp_st,reverse_lamp_st,belts_st,airbag_st,seat_st,steering_st,wheel_alignment_st,EPS_st,Steering_wheel_st,stop_lamp_st,suspension_st,Telltales_st,wheel_hub_st,wheel_st,tyre_st,cabine_st,chassis_st,noise_st,obt_recog_st,v2v_st,v2i_st,friendly_HM_interaction_st,software_freq_st,biddata_connection_st,digital_user_interface_st,cooperative_driving_st,road_surface_st,road_condition_st,prob_acc_road_st,prob_contruction_st,cab_temperature_st,cab_humidity_st,driving_env_condition_st,weather_st,time_of_day_st,check_if_hit,check_collision)
%health factor computation as a function of the state variables and stress factor   
%data base definition 
    ds(1,:)=[1,3,4,5,2,1,0.2,0.266666666666667,0.333333333333333,0.133333333333333,0.0666666666666667,3];
    ds(2,:)=[2,5,4,3,2,1,0.333333333333333,0.266666666666667,0.2,0.133333333333333,0.0666666666666667,3];
    ds(3,:)=[3,5,4,3,2,1,0.333333333333333,0.266666666666667,0.2,0.133333333333333,0.0666666666666667,3];
    ds(4,:)=[4,5,4,3,2,1,0.333333333333333,0.266666666666667,0.2,0.133333333333333,0.0666666666666667,3];
    ds(5,:)=[5,5,4,3,2,1,0.333333333333333,0.266666666666667,0.2,0.133333333333333,0.0666666666666667,3];
    ds(6,:)=[6,5,4,3,2,1,0.333333333333333,0.266666666666667,0.2,0.133333333333333,0.0666666666666667,3];
    ds(7,:)=[7,5,4,3,2,1,0.333333333333333,0.266666666666667,0.2,0.133333333333333,0.0666666666666667,4];
    ds(8,:)=[8,5,4,3,2,1,0.333333333333333,0.266666666666667,0.2,0.133333333333333,0.0666666666666667,2];
    ds(9,:)=[9,5,1,0,0,0,0.333333333333333,0.0666666666666667,0,0,0,1];
    ds(10,:)=[10,5,4,3,2,1,0.333333333333333,0.266666666666667,0.2,0.133333333333333,0.0666666666666667,1];
    ds(11,:)=[11,5,4,3,2,1,0.333333333333333,0.266666666666667,0.2,0.133333333333333,0.0666666666666667,2];
    ds(12,:)=[12,5,3,1,0,0,0.333333333333333,0.2,0.0666666666666667,0,0,1];
    ds(13,:)=[13,5,3,1,0,0,0.333333333333333,0.2,0.0666666666666667,0,0,2];
    ds(14,:)=[14,5,3,1,0,0,0.333333333333333,0.2,0.0666666666666667,0,0,1];
    ds(15,:)=[15,5,3,1,0,0,0.333333333333333,0.2,0.0666666666666667,0,0,1];
    ds(16,:)=[16,5,3,1,0,0,0.333333333333333,0.2,0.0666666666666667,0,0,1];
    ds(17,:)=[17,5,3,1,0,0,0.333333333333333,0.2,0.0666666666666667,0,0,1];
    ds(18,:)=[18,5,3,1,0,0,0.333333333333333,0.2,0.0666666666666667,0,0,1];
    ds(19,:)=[19,5,3,1,0,0,0.333333333333333,0.2,0.0666666666666667,0,0,1];
    ds(20,:)=[20,5,3,1,0,0,0.333333333333333,0.2,0.0666666666666667,0,0,1];
    ds(21,:)=[21,5,3,1,0,0,0.333333333333333,0.2,0.0666666666666667,0,0,1];
    ds(22,:)=[22,5,3,1,0,0,0.333333333333333,0.2,0.0666666666666667,0,0,1];
    ds(23,:)=[23,5,3,1,0,0,0.333333333333333,0.2,0.0666666666666667,0,0,1];
    ds(24,:)=[24,5,3,1,0,0,0.333333333333333,0.2,0.0666666666666667,0,0,1];
    ds(25,:)=[25,5,3,1,0,0,0.333333333333333,0.2,0.0666666666666667,0,0,1];
    ds(26,:)=[26,5,3,1,0,0,0.333333333333333,0.2,0.0666666666666667,0,0,1];
    ds(27,:)=[27,5,3,1,0,0,0.333333333333333,0.2,0.0666666666666667,0,0,1];
    ds(28,:)=[28,5,3,1,0,0,0.333333333333333,0.2,0.0666666666666667,0,0,1];
    ds(29,:)=[29,5,3,1,0,0,0.333333333333333,0.2,0.0666666666666667,0,0,1];
    ds(30,:)=[30,5,3,1,0,0,0.333333333333333,0.2,0.0666666666666667,0,0,1];
    ds(31,:)=[31,5,3,1,0,0,0.333333333333333,0.2,0.0666666666666667,0,0,1];
    ds(32,:)=[32,5,3,1,0,0,0.333333333333333,0.2,0.0666666666666667,0,0,1];
    ds(33,:)=[33,5,3,1,0,0,0.333333333333333,0.2,0.0666666666666667,0,0,1];
    ds(34,:)=[34,5,3,1,0,0,0.333333333333333,0.2,0.0666666666666667,0,0,1];
    ds(35,:)=[35,5,3,1,0,0,0.333333333333333,0.2,0.0666666666666667,0,0,1];
    ds(36,:)=[36,5,3,1,0,0,0.333333333333333,0.2,0.0666666666666667,0,0,1];
    ds(37,:)=[37,5,3,1,0,0,0.333333333333333,0.2,0.0666666666666667,0,0,3];
    ds(38,:)=[38,5,4,3,2,1,0.333333333333333,0.266666666666667,0.2,0.133333333333333,0.0666666666666667,1];
    ds(39,:)=[39,5,1,0,0,0,0.333333333333333,0.0666666666666667,0,0,0,1];
    ds(40,:)=[40,5,1,0,0,0,0.333333333333333,0.0666666666666667,0,0,0,1];
    ds(41,:)=[41,5,3,1,0,0,0.333333333333333,0.2,0.0666666666666667,0,0,4];
    ds(42,:)=[42,5,4,3,2,1,0.333333333333333,0.266666666666667,0.2,0.133333333333333,0.0666666666666667,4];
    ds(43,:)=[43,5,1,0,0,0,0.333333333333333,0.0666666666666667,0,0,0,1];
    ds(44,:)=[44,5,3,1,0,0,0.333333333333333,0.2,0.0666666666666667,0,0,4];
    ds(45,:)=[45,5,3,1,0,0,0.333333333333333,0.2,0.0666666666666667,0,0,1];
    ds(46,:)=[46,5,4,3,2,1,0.333333333333333,0.266666666666667,0.2,0.133333333333333,0.0666666666666667,1];
    ds(47,:)=[47,5,3,1,0,0,0.333333333333333,0.2,0.0666666666666667,0,0,1];
    ds(48,:)=[48,5,4,3,2,1,0.333333333333333,0.266666666666667,0.2,0.133333333333333,0.0666666666666667,1];
    ds(49,:)=[49,5,4,3,2,1,0.333333333333333,0.266666666666667,0.2,0.133333333333333,0.0666666666666667,2];
    ds(50,:)=[50,5,4,3,2,1,0.333333333333333,0.266666666666667,0.2,0.133333333333333,0.0666666666666667,3];
    ds(51,:)=[51,5,4,3,2,1,0.333333333333333,0.266666666666667,0.2,0.133333333333333,0.0666666666666667,3];
    ds(52,:)=[52,5,4,3,2,1,0.333333333333333,0.266666666666667,0.2,0.133333333333333,0.0666666666666667,3];
    ds(53,:)=[53,5,4,3,2,1,0.333333333333333,0.266666666666667,0.2,0.133333333333333,0.0666666666666667,1];
    ds(54,:)=[54,5,4,3,2,1,0.333333333333333,0.266666666666667,0.2,0.133333333333333,0.0666666666666667,1];
